ABCDEFGHIJKLMNOPQRSTUVWXYZ 4
1000 1000
321014 1502
419083 1502
172749 1502
57588 1502
5186 1665
138564 1665
95971 2439
192411 2439
151668 2439
247502 3711
56793 3711
319693 4310
292680 4310
345576 4310
34463 5464
112004 5464
230410 5464
303499 5464
319901 5464
255878 6299
8441 7462
138386 7462
200712 7763
429378 8319
281628 8319
412173 8343
353142 9161
426141 10496
173179 10496
351238 10496
5314 10496
78936 10496
277334 10496
230692 10496
103434 11867
200291 11867
369683 12637
227806 12637
307095 12895
15557 12895
45910 14259
305352 14259
19676 14291
104320 14291
48019 14291
250128 14908
320224 14908
378114 14908
452453 14943
347381 14943
202609 14943
174375 15579
254441 15579
381222 15579
389865 17151
257858 17151
250542 19754
171671 19754
305314 20590
376429 20731
347175 20836
177299 20836
399924 21619
328902 28149
209052 28560
113203 28664
387354 28664
131298 28664
312878 28664
375164 31776
171932 33138
289843 33138
254530 33218
407052 33229
137912 33805
287120 33805
163768 33805
134412 33805
314015 33805
132447 33805
144468 33805
138821 34733
331857 34733
20263 34733
317511 34733
395324 34733
293042 35306
9035 35306
68620 35306
421922 35306
177332 35725
75376 36307
220517 37959
399399 38674
397101 42879
25491 42879
260038 43580
6212 43580
417418 43580
9442 43879
45053 43879
267195 43879
27170 44697
337479 45789
427070 46506
206732 46506
31482 46506
40051 47077
425141 47077
361207 47268
357554 47714
363098 47714
41229 48536
226066 48550
320330 50326
207891 50776
68935 50776
313655 50776
40736 50776
246283 50927
388434 50927
284363 50927
229177 50949
305185 50949
227184 51455
360423 51455
24723 53276
179235 53276
391729 56106
381065 56106
68992 56106
13597 56555
69217 56555
302 56555
292396 60021
60475 60021
154183 60021
357742 60325
94946 60325
420946 60325
105588 60325
16562 61527
140268 63072
90945 63072
258935 63072
82943 64743
236755 64743
59307 64743
129083 64743
193225 65360
271903 66251
453761 66251
111376 66251
76070 67935
101388 68499
114136 68499
214504 70161
216053 70161
43834 70161
258336 73058
312238 73058
320050 73058
146679 75660
418250 78221
407486 78221
66644 78770
213251 78770
264552 78770
87412 78770
91031 78770
159527 78770
38772 86596
49137 86940
210758 87032
423225 87397
302330 87397
328470 89354
398265 89354
359030 89687
254409 92197
122283 92613
106277 92764
299987 92764
3320 92764
160394 92764
292876 94049
424626 94376
367734 94376
64140 94376
199414 94494
258461 94494
211880 94494
115975 94494
384202 96097
431051 96097
386892 96097
303382 96097
171630 96097
289867 96097
370861 96324
34192 96324
6667 96324
455964 96324
443627 97725
303891 97725
237632 98139
168960 98139
129748 98139
345233 98139
373723 98139
26635 98139
31409 98139
297897 98139
1146 98868
425764 98868
73074 100220
168171 101722
33256 101722
227155 101722
40516 103224
387981 103224
115997 103224
160704 103224
239276 103224
295998 103224
128197 107925
80791 107925
260179 108837
330606 108837
446197 109227
253869 109227
328675 111129
93368 112047
91395 112047
125243 112047
375855 112047
100802 112047
109700 112848
55910 112848
315852 112848
449310 112848
34461 112848
146962 112914
369930 112914
137094 113557
86802 114642
124667 114642
50568 115648
44143 115648
250807 116056
100954 117983
30736 117983
46004 117983
163568 119661
362307 119661
295093 120240
430086 121543
371200 121543
110699 122631
405887 124444
344032 124444
355928 124444
354386 125845
175754 125845
133697 128400
221571 128400
332932 128918
381582 128918
410407 129787
6642 130592
214697 130592
50877 130592
269634 130592
102041 130592
66828 132018
120534 132306
336373 132830
167480 132830
223546 132830
17752 132830
438335 132833
149572 132949
417108 133185
147456 133185
257086 133185
96861 133185
310740 133185
299669 135856
335039 135856
304558 135856
331060 135963
217537 135963
232449 136273
303451 137191
451670 138506
201204 141421
190839 141421
192956 141421
95425 141421
352148 141754
434255 142917
176314 142917
420212 142917
25550 142917
193839 143143
76438 143143
70846 143143
253458 144084
424535 144424
289246 144424
232631 144424
296845 144676
23555 144676
314749 144676
260171 144676
442032 144676
94721 145394
389605 145790
60415 145790
431855 145790
23678 145790
115236 145790
30242 145790
261045 146520
400181 146757
313519 147070
194016 147070
356696 147114
335851 147114
138743 148679
57406 148850
30587 148850
51685 148850
270758 148850
297894 148850
93442 148850
169680 148850
360479 152339
355538 152339
312683 155263
389204 155295
288454 155295
263713 155860
402877 156292
106047 158281
417859 158281
82874 158281
321010 158910
251654 159065
236555 159065
249582 159330
27965 159330
395653 159557
254424 159557
204688 159795
97089 161255
300084 161306
423300 161676
28620 164584
96018 164584
170279 164584
176831 164584
234598 164584
199620 164703
395404 164703
409407 165716
212379 167286
95531 167286
367013 167643
40683 167853
90580 168788
146777 169645
368712 169645
153794 170148
201348 170642
254728 171107
35826 171107
94443 171694
164970 171694
98899 171694
111005 171917
55302 173823
305875 173960
226439 174120
357771 174120
438655 175650
193687 180007
333998 180007
104788 180479
115861 180479
8403 180751
66522 180751
161163 180751
115905 180751
149309 181029
302960 182624
251585 183238
286614 183523
212816 183879
89180 183896
43006 183909
332891 185139
338199 186335
208189 186944
79738 186944
293888 186944
70752 186944
221677 186944
22501 188436
259836 188436
27510 188436
212127 188436
419632 190115
423610 190115
355884 191703
9658 191941
170572 191941
442362 192452
215990 192452
169276 192452
176428 192452
42628 192452
46778 192452
35600 195662
411999 196728
5307 196728
3726 196728
431203 196728
120471 196728
314854 196728
208160 196728
354138 196728
93665 197401
306447 198313
296301 198313
421620 199833
154434 199833
44927 199833
143964 202888
176934 203514
367273 203514
58138 204563
212681 204900
235606 204900
453809 204900
342241 204900
119463 204938
313010 205158
199284 205158
405955 205158
279031 205158
406151 205158
270209 205158
271053 205365
330055 205365
154426 205566
77038 206201
194744 206201
188937 206201
108464 207518
412644 207518
100184 208657
355025 208657
374712 208657
284141 209459
218828 209827
222731 210426
361131 210426
408146 211787
34480 212386
92267 212602
59148 212602
373690 212602
76177 212602
203343 214052
227445 214228
222577 214228
243670 214228
339419 214228
307147 214228
90298 214228
89506 214802
73474 214802
206948 214802
332151 220720
173029 220720
141798 220794
316412 220794
374602 220794
376306 221161
313725 222144
89331 222144
304877 222144
342012 222446
346685 222446
313416 222446
58209 222446
353597 222898
174134 223074
90096 223074
362621 223074
43805 223074
296781 223074
120368 223886
135325 223886
16012 223886
82666 224576
363321 225518
101974 225694
197078 228492
75378 228949
164196 230414
229902 230414
326116 230763
166030 230763
358095 230763
1646 231804
248121 231804
93882 231804
398693 231946
451593 231946
149114 232964
17744 234911
404492 234911
150195 234911
224346 234911
237009 236384
306040 236384
443997 236384
180796 236809
279071 237733
210024 238337
232116 238337
273977 239730
306240 239730
241046 239781
78535 240161
369097 240161
193457 240161
49530 240749
20634 240752
277602 240841
1336 241748
42858 241748
278021 241748
344477 241748
221562 243060
433730 243060
184190 243070
437724 243691
186633 243691
238098 243691
278318 243691
237926 245281
432896 245287
107489 245287
307810 245287
445887 245900
315218 246647
255063 246647
336053 246647
268194 246647
225848 246647
186367 248331
103408 248331
381395 249755
69432 249968
417018 249968
329349 250924
184106 250924
290191 250924
451041 252428
5243 253077
44356 253783
44580 257227
165936 258365
100627 260644
296915 262887
386331 262887
414661 262887
446589 266304
40905 266304
367475 267776
53459 267859
148591 267859
452787 269381
230670 271590
210394 272002
400868 272002
430403 273171
295863 273171
349200 273171
313871 273171
42311 273171
408993 276296
328814 276296
254350 276296
233121 276296
17523 276296
262482 276344
307455 276988
31371 278714
387337 280901
236685 281981
445595 281981
454545 281981
364953 281981
296642 281981
451014 281981
366199 281981
344441 283520
332515 283520
416617 283740
274579 284641
204976 290453
266731 290453
198974 291202
382248 291202
157596 291202
241978 291305
6094 291305
187315 291989
122436 291989
116073 291989
305895 291989
350980 291989
146291 292022
94495 292572
211861 293100
316088 293422
220196 293422
238679 293422
334355 295279
347548 295279
444094 295279
187684 295279
408638 295670
54257 295670
76376 296886
307131 297025
102354 297248
435354 297248
72186 297248
421689 297248
16608 297248
407043 297248
404682 297248
379396 297248
270283 297248
35526 297248
182902 297481
381274 297757
20426 299707
396693 299842
22927 299925
286929 299925
128840 299969
341261 299969
162297 302144
236870 302144
292362 302321
271334 304836
33850 305404
196465 305404
438296 305404
72314 306103
5739 306103
205429 306103
220685 306213
193924 306213
297280 306498
427881 308471
252244 308831
288343 308831
258840 308831
278185 308831
69428 308831
303921 308836
53961 308836
378851 309140
68761 309397
327527 309744
319451 309744
310805 309744
226514 309744
417825 309744
300783 311999
17800 312266
427616 312437
29665 312437
33002 312437
289905 312437
16985 315359
243671 315535
258254 316327
278368 316512
167869 316512
417330 316512
314128 316655
130850 317318
309701 319251
387964 319800
166893 319800
278824 319800
361530 319800
154245 319800
317821 325121
394811 326482
116373 326514
257387 326514
106651 330760
113463 330760
328563 330788
193660 334751
211009 334969
235934 335892
273679 336397
429340 336397
253638 336397
244154 338323
359438 338323
202703 340529
400527 340875
421834 341219
440516 341774
368984 342613
15304 344985
58467 349649
132615 352035
104453 352464
323184 354102
117790 354102
75917 354528
277116 354528
241969 354553
422867 354553
351263 354553
53482 354553
407627 354553
243542 354553
136424 354553
400039 356924
71138 356925
242804 356990
417384 358519
62916 359466
143653 361946
15679 362867
162772 362976
229581 363099
442004 363099
375848 364665
5503 364665
373847 364665
134637 365785
151853 366420
44478 368082
362658 368082
230969 368082
322642 368654
200989 368654
351614 368654
228578 369438
53525 369438
268958 369438
448014 370440
337420 371127
371709 371127
93348 372361
79598 372371
104911 374221
394987 376245
222984 376245
211611 376493
165096 377119
227850 377792
417901 379021
336792 379021
21023 379021
104667 379021
96368 379021
439595 379021
132734 380814
203034 381425
73660 381425
16096 381425
408561 381425
268875 382937
130028 382937
441455 382937
200546 383270
1353 383270
277331 383739
380446 384678
222538 384718
438283 386262
376629 388745
443477 388745
7531 389041
342711 389041
161087 389041
386119 389921
117897 390583
352487 390583
250908 390583
344382 390583
231579 390583
256434 390583
14391 390583
145666 390583
282964 390728
264408 391244
64600 391244
387745 391244
334305 391470
87212 391470
130905 393138
62038 393138
115939 393138
328889 393877
225241 394340
398769 394351
200743 394351
341279 394351
379923 394351
43177 395325
75289 395325
178914 395325
24006 395325
320088 395325
388706 395325
326479 395325
279725 396516
146487 396525
108893 396525
291066 396525
305644 396525
158616 396525
62840 396525
78257 398089
47189 398089
294605 398089
37185 398089
70234 398360
308353 398365
294037 398796
65649 398796
182096 399161
262387 399429
258850 399730
240664 399730
14971 400083
323103 400083
65640 400109
351606 401107
226599 401107
376604 401944
381423 402425
357818 402425
11068 402425
371279 402592
25661 402592
39190 403532
35357 403532
208047 403532
15361 405094
216575 405094
336924 405094
396729 405094
182288 405900
281128 405900
223566 407999
159767 408230
370758 408230
35107 408230
268464 408230
353535 409122
142423 409122
158588 409380
243307 409380
377993 409886
317446 411821
392401 411821
418172 411821
281649 413459
176402 413528
113290 413630
249486 413630
322654 414699
148975 414964
129379 416726
388483 416726
113310 417010
333608 418112
328070 418112
186872 418112
98769 418750
307116 418750
185390 419489
433018 419489
339999 420013
247276 420013
275475 420013
225573 420013
331538 420013
154695 420603
111793 422345
345170 422345
184815 422385
456709 424090
395347 424090
327505 424090
65171 424090
149066 424783
383938 425737
342955 425737
65222 425737
166908 426092
446882 427735
215438 427832
131618 428031
16099 428031
106767 428031
169785 428473
432923 428473
456450 428667
446024 428822
178619 429872
297442 430040
4140 430479
374973 430799
115073 430799
417517 433490
59609 433490
337496 433535
347341 433535
237780 433535
142241 433914
354385 434501
102215 435354
111560 435354
343637 435354
413748 435592
179248 436121
248481 436144
433056 438893
200945 438893
196964 438893
221181 438893
172040 438893
239589 438893
378517 439065
330717 439065
267169 439474
419608 439724
259835 440652
10839 440926
220172 440926
297130 440926
273256 441009
89630 441009
152217 441009
255761 441009
180113 441331
278673 441441
332938 442195
381819 442493
191553 443077
236844 443780
85878 444235
18617 444235
33228 444235
379486 444357
351025 444357
427227 444744
421739 444744
359388 444744
212960 444744
283918 444744
263608 444744
358990 444860
315161 444874
223058 444874
239191 445077
338859 446057
223518 446057
222343 448488
405242 449406
280931 449406
347500 449406
67972 449569
208766 449903
418641 452320
50149 452320
22537 453070
77243 453070
355601 453334
75480 453334
72634 454455
104343 455350
